2022/05/16-12:38:32.793234 7f7ef90f8ac0 RocksDB version: 6.15.2
2022/05/16-12:38:32.793271 7f7ef90f8ac0 Git sha rocksdb_build_git_sha:@0@
2022/05/16-12:38:32.793273 7f7ef90f8ac0 Compile date Apr 23 2022
2022/05/16-12:38:32.793304 7f7ef90f8ac0 DB SUMMARY
2022/05/16-12:38:32.793305 7f7ef90f8ac0 DB Session ID:  BFPGXGFVHY51R4QFE6MZ
2022/05/16-12:38:32.793339 7f7ef90f8ac0 CURRENT file:  CURRENT
2022/05/16-12:38:32.793341 7f7ef90f8ac0 IDENTITY file:  IDENTITY
2022/05/16-12:38:32.793344 7f7ef90f8ac0 MANIFEST file:  MANIFEST-000021 size: 1769 Bytes
2022/05/16-12:38:32.793346 7f7ef90f8ac0 SST files in ../testdb dir, Total Num: 12, files: 000009.sst 000010.sst 000011.sst 000012.sst 000013.sst 000014.sst 000015.sst 000016.sst 000017.sst 
2022/05/16-12:38:32.793348 7f7ef90f8ac0 Write Ahead Log file in ../testdb: 000022.log size: 0 ; 
2022/05/16-12:38:32.793350 7f7ef90f8ac0                         Options.error_if_exists: 0
2022/05/16-12:38:32.793351 7f7ef90f8ac0                       Options.create_if_missing: 0
2022/05/16-12:38:32.793352 7f7ef90f8ac0                         Options.paranoid_checks: 1
2022/05/16-12:38:32.793353 7f7ef90f8ac0                               Options.track_and_verify_wals_in_manifest: 0
2022/05/16-12:38:32.793354 7f7ef90f8ac0                                     Options.env: 0x564aa7f7f1c0
2022/05/16-12:38:32.793355 7f7ef90f8ac0                                      Options.fs: Posix File System
2022/05/16-12:38:32.793356 7f7ef90f8ac0                                Options.info_log: 0x564aa9a31c60
2022/05/16-12:38:32.793357 7f7ef90f8ac0                Options.max_file_opening_threads: 16
2022/05/16-12:38:32.793358 7f7ef90f8ac0                              Options.statistics: (nil)
2022/05/16-12:38:32.793359 7f7ef90f8ac0                               Options.use_fsync: 0
2022/05/16-12:38:32.793360 7f7ef90f8ac0                       Options.max_log_file_size: 0
2022/05/16-12:38:32.793361 7f7ef90f8ac0                  Options.max_manifest_file_size: 1073741824
2022/05/16-12:38:32.793363 7f7ef90f8ac0                   Options.log_file_time_to_roll: 0
2022/05/16-12:38:32.793364 7f7ef90f8ac0                       Options.keep_log_file_num: 1000
2022/05/16-12:38:32.793365 7f7ef90f8ac0                    Options.recycle_log_file_num: 0
2022/05/16-12:38:32.793366 7f7ef90f8ac0                         Options.allow_fallocate: 1
2022/05/16-12:38:32.793367 7f7ef90f8ac0                        Options.allow_mmap_reads: 0
2022/05/16-12:38:32.793368 7f7ef90f8ac0                       Options.allow_mmap_writes: 0
2022/05/16-12:38:32.793369 7f7ef90f8ac0                        Options.use_direct_reads: 0
2022/05/16-12:38:32.793370 7f7ef90f8ac0                        Options.use_direct_io_for_flush_and_compaction: 0
2022/05/16-12:38:32.793371 7f7ef90f8ac0          Options.create_missing_column_families: 0
2022/05/16-12:38:32.793372 7f7ef90f8ac0                              Options.db_log_dir: 
2022/05/16-12:38:32.793373 7f7ef90f8ac0                                 Options.wal_dir: ../testdb
2022/05/16-12:38:32.793374 7f7ef90f8ac0                Options.table_cache_numshardbits: 6
2022/05/16-12:38:32.793375 7f7ef90f8ac0                         Options.WAL_ttl_seconds: 0
2022/05/16-12:38:32.793376 7f7ef90f8ac0                       Options.WAL_size_limit_MB: 0
2022/05/16-12:38:32.793377 7f7ef90f8ac0                        Options.max_write_batch_group_size_bytes: 1048576
2022/05/16-12:38:32.793378 7f7ef90f8ac0             Options.manifest_preallocation_size: 4194304
2022/05/16-12:38:32.793379 7f7ef90f8ac0                     Options.is_fd_close_on_exec: 1
2022/05/16-12:38:32.793380 7f7ef90f8ac0                   Options.advise_random_on_open: 1
2022/05/16-12:38:32.793381 7f7ef90f8ac0                    Options.db_write_buffer_size: 0
2022/05/16-12:38:32.793382 7f7ef90f8ac0                    Options.write_buffer_manager: 0x564aa9a31ec0
2022/05/16-12:38:32.793383 7f7ef90f8ac0         Options.access_hint_on_compaction_start: 1
2022/05/16-12:38:32.793384 7f7ef90f8ac0  Options.new_table_reader_for_compaction_inputs: 0
2022/05/16-12:38:32.793385 7f7ef90f8ac0           Options.random_access_max_buffer_size: 1048576
2022/05/16-12:38:32.793391 7f7ef90f8ac0                      Options.use_adaptive_mutex: 0
2022/05/16-12:38:32.793393 7f7ef90f8ac0                            Options.rate_limiter: (nil)
2022/05/16-12:38:32.793394 7f7ef90f8ac0     Options.sst_file_manager.rate_bytes_per_sec: 0
2022/05/16-12:38:32.793395 7f7ef90f8ac0                       Options.wal_recovery_mode: 2
2022/05/16-12:38:32.793396 7f7ef90f8ac0                  Options.enable_thread_tracking: 0
2022/05/16-12:38:32.793397 7f7ef90f8ac0                  Options.enable_pipelined_write: 0
2022/05/16-12:38:32.793398 7f7ef90f8ac0                  Options.unordered_write: 0
2022/05/16-12:38:32.793399 7f7ef90f8ac0         Options.allow_concurrent_memtable_write: 1
2022/05/16-12:38:32.793401 7f7ef90f8ac0      Options.enable_write_thread_adaptive_yield: 1
2022/05/16-12:38:32.793402 7f7ef90f8ac0             Options.write_thread_max_yield_usec: 100
2022/05/16-12:38:32.793403 7f7ef90f8ac0            Options.write_thread_slow_yield_usec: 3
2022/05/16-12:38:32.793404 7f7ef90f8ac0                               Options.row_cache: None
2022/05/16-12:38:32.793405 7f7ef90f8ac0                              Options.wal_filter: None
2022/05/16-12:38:32.793406 7f7ef90f8ac0             Options.avoid_flush_during_recovery: 0
2022/05/16-12:38:32.793407 7f7ef90f8ac0             Options.allow_ingest_behind: 0
2022/05/16-12:38:32.793408 7f7ef90f8ac0             Options.preserve_deletes: 0
2022/05/16-12:38:32.793409 7f7ef90f8ac0             Options.two_write_queues: 0
2022/05/16-12:38:32.793410 7f7ef90f8ac0             Options.manual_wal_flush: 0
2022/05/16-12:38:32.793411 7f7ef90f8ac0             Options.atomic_flush: 0
2022/05/16-12:38:32.793412 7f7ef90f8ac0             Options.avoid_unnecessary_blocking_io: 0
2022/05/16-12:38:32.793413 7f7ef90f8ac0                 Options.persist_stats_to_disk: 0
2022/05/16-12:38:32.793414 7f7ef90f8ac0                 Options.write_dbid_to_manifest: 0
2022/05/16-12:38:32.793415 7f7ef90f8ac0                 Options.log_readahead_size: 0
2022/05/16-12:38:32.793416 7f7ef90f8ac0                 Options.file_checksum_gen_factory: Unknown
2022/05/16-12:38:32.793417 7f7ef90f8ac0                 Options.best_efforts_recovery: 0
2022/05/16-12:38:32.793419 7f7ef90f8ac0                Options.max_bgerror_resume_count: 2147483647
2022/05/16-12:38:32.793420 7f7ef90f8ac0            Options.bgerror_resume_retry_interval: 1000000
2022/05/16-12:38:32.793421 7f7ef90f8ac0             Options.allow_data_in_errors: 0
2022/05/16-12:38:32.793422 7f7ef90f8ac0             Options.db_host_id: __hostname__
2022/05/16-12:38:32.793423 7f7ef90f8ac0             Options.max_background_jobs: 2
2022/05/16-12:38:32.793424 7f7ef90f8ac0             Options.max_background_compactions: -1
2022/05/16-12:38:32.793425 7f7ef90f8ac0             Options.max_subcompactions: 1
2022/05/16-12:38:32.793426 7f7ef90f8ac0             Options.avoid_flush_during_shutdown: 0
2022/05/16-12:38:32.793427 7f7ef90f8ac0           Options.writable_file_max_buffer_size: 1048576
2022/05/16-12:38:32.793428 7f7ef90f8ac0             Options.delayed_write_rate : 16777216
2022/05/16-12:38:32.793429 7f7ef90f8ac0             Options.max_total_wal_size: 0
2022/05/16-12:38:32.793431 7f7ef90f8ac0             Options.delete_obsolete_files_period_micros: 21600000000
2022/05/16-12:38:32.793432 7f7ef90f8ac0                   Options.stats_dump_period_sec: 600
2022/05/16-12:38:32.793433 7f7ef90f8ac0                 Options.stats_persist_period_sec: 600
2022/05/16-12:38:32.793434 7f7ef90f8ac0                 Options.stats_history_buffer_size: 1048576
2022/05/16-12:38:32.793435 7f7ef90f8ac0                          Options.max_open_files: -1
2022/05/16-12:38:32.793436 7f7ef90f8ac0                          Options.bytes_per_sync: 0
2022/05/16-12:38:32.793437 7f7ef90f8ac0                      Options.wal_bytes_per_sync: 0
2022/05/16-12:38:32.793438 7f7ef90f8ac0                   Options.strict_bytes_per_sync: 0
2022/05/16-12:38:32.793439 7f7ef90f8ac0       Options.compaction_readahead_size: 0
2022/05/16-12:38:32.793441 7f7ef90f8ac0                  Options.max_background_flushes: -1
2022/05/16-12:38:32.793447 7f7ef90f8ac0 Compression algorithms supported:
2022/05/16-12:38:32.793448 7f7ef90f8ac0 	kZSTDNotFinalCompression supported: 0
2022/05/16-12:38:32.793450 7f7ef90f8ac0 	kZSTD supported: 0
2022/05/16-12:38:32.793451 7f7ef90f8ac0 	kXpressCompression supported: 0
2022/05/16-12:38:32.793452 7f7ef90f8ac0 	kLZ4HCCompression supported: 0
2022/05/16-12:38:32.793453 7f7ef90f8ac0 	kLZ4Compression supported: 0
2022/05/16-12:38:32.793455 7f7ef90f8ac0 	kBZip2Compression supported: 0
2022/05/16-12:38:32.793456 7f7ef90f8ac0 	kZlibCompression supported: 0
2022/05/16-12:38:32.793457 7f7ef90f8ac0 	kSnappyCompression supported: 0
2022/05/16-12:38:32.793459 7f7ef90f8ac0 Fast CRC32 supported: Supported on x86
2022/05/16-12:38:32.793511 7f7ef90f8ac0 [db/version_set.cc:4724] Recovering from manifest file: ../testdb/MANIFEST-000021
2022/05/16-12:38:32.793669 7f7ef90f8ac0 [db/column_family.cc:595] --------------- Options for column family [default]:
2022/05/16-12:38:32.793672 7f7ef90f8ac0               Options.comparator: leveldb.BytewiseComparator
2022/05/16-12:38:32.793673 7f7ef90f8ac0           Options.merge_operator: None
2022/05/16-12:38:32.793674 7f7ef90f8ac0        Options.compaction_filter: None
2022/05/16-12:38:32.793675 7f7ef90f8ac0        Options.compaction_filter_factory: None
2022/05/16-12:38:32.793676 7f7ef90f8ac0  Options.sst_partitioner_factory: None
2022/05/16-12:38:32.793677 7f7ef90f8ac0         Options.memtable_factory: SkipListFactory
2022/05/16-12:38:32.793678 7f7ef90f8ac0            Options.table_factory: BlockBasedTable
2022/05/16-12:38:32.793706 7f7ef90f8ac0            table_factory options:   flush_block_policy_factory: FlushBlockBySizePolicyFactory (0x564aa9a170f0)
  cache_index_and_filter_blocks: 0
  cache_index_and_filter_blocks_with_high_priority: 1
  pin_l0_filter_and_index_blocks_in_cache: 0
  pin_top_level_index_and_filter: 1
  index_type: 0
  data_block_index_type: 0
  index_shortening: 1
  data_block_hash_table_util_ratio: 0.750000
  hash_index_allow_collision: 1
  checksum: 1
  no_block_cache: 0
  block_cache: 0x564aa99ff960
  block_cache_name: LRUCache
  block_cache_options:
    capacity : 8388608
    num_shard_bits : 4
    strict_capacity_limit : 0
    memory_allocator : None
    high_pri_pool_ratio: 0.000
  block_cache_compressed: (nil)
  persistent_cache: (nil)
  block_size: 4096
  block_size_deviation: 10
  block_restart_interval: 16
  index_block_restart_interval: 1
  metadata_block_size: 4096
  partition_filters: 0
  use_delta_encoding: 1
  filter_policy: nullptr
  whole_key_filtering: 1
  verify_compression: 0
  read_amp_bytes_per_bit: 0
  format_version: 4
  enable_index_compression: 1
  block_align: 0
2022/05/16-12:38:32.793710 7f7ef90f8ac0        Options.write_buffer_size: 67108864
2022/05/16-12:38:32.793711 7f7ef90f8ac0  Options.max_write_buffer_number: 2
2022/05/16-12:38:32.793713 7f7ef90f8ac0          Options.compression: NoCompression
2022/05/16-12:38:32.793714 7f7ef90f8ac0                  Options.bottommost_compression: Disabled
2022/05/16-12:38:32.793715 7f7ef90f8ac0       Options.prefix_extractor: nullptr
2022/05/16-12:38:32.793716 7f7ef90f8ac0   Options.memtable_insert_with_hint_prefix_extractor: nullptr
2022/05/16-12:38:32.793717 7f7ef90f8ac0             Options.num_levels: 7
2022/05/16-12:38:32.793718 7f7ef90f8ac0        Options.min_write_buffer_number_to_merge: 1
2022/05/16-12:38:32.793719 7f7ef90f8ac0     Options.max_write_buffer_number_to_maintain: 0
2022/05/16-12:38:32.793720 7f7ef90f8ac0     Options.max_write_buffer_size_to_maintain: 0
2022/05/16-12:38:32.793721 7f7ef90f8ac0            Options.bottommost_compression_opts.window_bits: -14
2022/05/16-12:38:32.793722 7f7ef90f8ac0                  Options.bottommost_compression_opts.level: 32767
2022/05/16-12:38:32.793723 7f7ef90f8ac0               Options.bottommost_compression_opts.strategy: 0
2022/05/16-12:38:32.793724 7f7ef90f8ac0         Options.bottommost_compression_opts.max_dict_bytes: 0
2022/05/16-12:38:32.793725 7f7ef90f8ac0         Options.bottommost_compression_opts.zstd_max_train_bytes: 0
2022/05/16-12:38:32.793733 7f7ef90f8ac0         Options.bottommost_compression_opts.parallel_threads: 1
2022/05/16-12:38:32.793734 7f7ef90f8ac0                  Options.bottommost_compression_opts.enabled: false
2022/05/16-12:38:32.793735 7f7ef90f8ac0            Options.compression_opts.window_bits: -14
2022/05/16-12:38:32.793736 7f7ef90f8ac0                  Options.compression_opts.level: 32767
2022/05/16-12:38:32.793737 7f7ef90f8ac0               Options.compression_opts.strategy: 0
2022/05/16-12:38:32.793738 7f7ef90f8ac0         Options.compression_opts.max_dict_bytes: 0
2022/05/16-12:38:32.793739 7f7ef90f8ac0         Options.compression_opts.zstd_max_train_bytes: 0
2022/05/16-12:38:32.793740 7f7ef90f8ac0         Options.compression_opts.parallel_threads: 1
2022/05/16-12:38:32.793741 7f7ef90f8ac0                  Options.compression_opts.enabled: false
2022/05/16-12:38:32.793742 7f7ef90f8ac0      Options.level0_file_num_compaction_trigger: 4
2022/05/16-12:38:32.793743 7f7ef90f8ac0          Options.level0_slowdown_writes_trigger: 20
2022/05/16-12:38:32.793744 7f7ef90f8ac0              Options.level0_stop_writes_trigger: 36
2022/05/16-12:38:32.793745 7f7ef90f8ac0                   Options.target_file_size_base: 67108864
2022/05/16-12:38:32.793746 7f7ef90f8ac0             Options.target_file_size_multiplier: 1
2022/05/16-12:38:32.793747 7f7ef90f8ac0                Options.max_bytes_for_level_base: 268435456
2022/05/16-12:38:32.793748 7f7ef90f8ac0 Options.level_compaction_dynamic_level_bytes: 0
2022/05/16-12:38:32.793749 7f7ef90f8ac0          Options.max_bytes_for_level_multiplier: 10.000000
2022/05/16-12:38:32.793751 7f7ef90f8ac0 Options.max_bytes_for_level_multiplier_addtl[0]: 1
2022/05/16-12:38:32.793752 7f7ef90f8ac0 Options.max_bytes_for_level_multiplier_addtl[1]: 1
2022/05/16-12:38:32.793753 7f7ef90f8ac0 Options.max_bytes_for_level_multiplier_addtl[2]: 1
2022/05/16-12:38:32.793754 7f7ef90f8ac0 Options.max_bytes_for_level_multiplier_addtl[3]: 1
2022/05/16-12:38:32.793755 7f7ef90f8ac0 Options.max_bytes_for_level_multiplier_addtl[4]: 1
2022/05/16-12:38:32.793756 7f7ef90f8ac0 Options.max_bytes_for_level_multiplier_addtl[5]: 1
2022/05/16-12:38:32.793756 7f7ef90f8ac0 Options.max_bytes_for_level_multiplier_addtl[6]: 1
2022/05/16-12:38:32.793757 7f7ef90f8ac0       Options.max_sequential_skip_in_iterations: 8
2022/05/16-12:38:32.793758 7f7ef90f8ac0                    Options.max_compaction_bytes: 1677721600
2022/05/16-12:38:32.793759 7f7ef90f8ac0                        Options.arena_block_size: 8388608
2022/05/16-12:38:32.793760 7f7ef90f8ac0   Options.soft_pending_compaction_bytes_limit: 68719476736
2022/05/16-12:38:32.793761 7f7ef90f8ac0   Options.hard_pending_compaction_bytes_limit: 274877906944
2022/05/16-12:38:32.793762 7f7ef90f8ac0       Options.rate_limit_delay_max_milliseconds: 100
2022/05/16-12:38:32.793763 7f7ef90f8ac0                Options.disable_auto_compactions: 0
2022/05/16-12:38:32.793765 7f7ef90f8ac0                        Options.compaction_style: kCompactionStyleLevel
2022/05/16-12:38:32.793767 7f7ef90f8ac0                          Options.compaction_pri: kMinOverlappingRatio
2022/05/16-12:38:32.793768 7f7ef90f8ac0 Options.compaction_options_universal.size_ratio: 1
2022/05/16-12:38:32.793769 7f7ef90f8ac0 Options.compaction_options_universal.min_merge_width: 2
2022/05/16-12:38:32.793770 7f7ef90f8ac0 Options.compaction_options_universal.max_merge_width: 4294967295
2022/05/16-12:38:32.793771 7f7ef90f8ac0 Options.compaction_options_universal.max_size_amplification_percent: 200
2022/05/16-12:38:32.793772 7f7ef90f8ac0 Options.compaction_options_universal.compression_size_percent: -1
2022/05/16-12:38:32.793773 7f7ef90f8ac0 Options.compaction_options_universal.stop_style: kCompactionStopStyleTotalSize
2022/05/16-12:38:32.793774 7f7ef90f8ac0 Options.compaction_options_fifo.max_table_files_size: 1073741824
2022/05/16-12:38:32.793775 7f7ef90f8ac0 Options.compaction_options_fifo.allow_compaction: 0
2022/05/16-12:38:32.793778 7f7ef90f8ac0                   Options.table_properties_collectors: 
2022/05/16-12:38:32.793782 7f7ef90f8ac0                   Options.inplace_update_support: 0
2022/05/16-12:38:32.793784 7f7ef90f8ac0                 Options.inplace_update_num_locks: 10000
2022/05/16-12:38:32.793785 7f7ef90f8ac0               Options.memtable_prefix_bloom_size_ratio: 0.000000
2022/05/16-12:38:32.793786 7f7ef90f8ac0               Options.memtable_whole_key_filtering: 0
2022/05/16-12:38:32.793787 7f7ef90f8ac0   Options.memtable_huge_page_size: 0
2022/05/16-12:38:32.793788 7f7ef90f8ac0                           Options.bloom_locality: 0
2022/05/16-12:38:32.793789 7f7ef90f8ac0                    Options.max_successive_merges: 0
2022/05/16-12:38:32.793790 7f7ef90f8ac0                Options.optimize_filters_for_hits: 0
2022/05/16-12:38:32.793791 7f7ef90f8ac0                Options.paranoid_file_checks: 0
2022/05/16-12:38:32.793792 7f7ef90f8ac0                Options.force_consistency_checks: 1
2022/05/16-12:38:32.793793 7f7ef90f8ac0                Options.report_bg_io_stats: 0
2022/05/16-12:38:32.793794 7f7ef90f8ac0                               Options.ttl: 2592000
2022/05/16-12:38:32.793795 7f7ef90f8ac0          Options.periodic_compaction_seconds: 0
2022/05/16-12:38:32.793796 7f7ef90f8ac0                    Options.enable_blob_files: false
2022/05/16-12:38:32.793797 7f7ef90f8ac0                        Options.min_blob_size: 0
2022/05/16-12:38:32.793798 7f7ef90f8ac0                       Options.blob_file_size: 268435456
2022/05/16-12:38:32.793799 7f7ef90f8ac0                Options.blob_compression_type: NoCompression
2022/05/16-12:38:32.793800 7f7ef90f8ac0       Options.enable_blob_garbage_collection: false
2022/05/16-12:38:32.793801 7f7ef90f8ac0   Options.blob_garbage_collection_age_cutoff: 0.250000
2022/05/16-12:38:32.793932 7f7ef90f8ac0 [db/column_family.cc:595] --------------- Options for column family [column_family_1]:
2022/05/16-12:38:32.793935 7f7ef90f8ac0               Options.comparator: leveldb.BytewiseComparator
2022/05/16-12:38:32.793936 7f7ef90f8ac0           Options.merge_operator: None
2022/05/16-12:38:32.793937 7f7ef90f8ac0        Options.compaction_filter: None
2022/05/16-12:38:32.793937 7f7ef90f8ac0        Options.compaction_filter_factory: None
2022/05/16-12:38:32.793938 7f7ef90f8ac0  Options.sst_partitioner_factory: None
2022/05/16-12:38:32.793939 7f7ef90f8ac0         Options.memtable_factory: SkipListFactory
2022/05/16-12:38:32.793940 7f7ef90f8ac0            Options.table_factory: BlockBasedTable
2022/05/16-12:38:32.793955 7f7ef90f8ac0            table_factory options:   flush_block_policy_factory: FlushBlockBySizePolicyFactory (0x564aa9a16240)
  cache_index_and_filter_blocks: 0
  cache_index_and_filter_blocks_with_high_priority: 1
  pin_l0_filter_and_index_blocks_in_cache: 0
  pin_top_level_index_and_filter: 1
  index_type: 0
  data_block_index_type: 0
  index_shortening: 1
  data_block_hash_table_util_ratio: 0.750000
  hash_index_allow_collision: 1
  checksum: 1
  no_block_cache: 0
  block_cache: 0x564aa9a16290
  block_cache_name: LRUCache
  block_cache_options:
    capacity : 8388608
    num_shard_bits : 4
    strict_capacity_limit : 0
    memory_allocator : None
    high_pri_pool_ratio: 0.000
  block_cache_compressed: (nil)
  persistent_cache: (nil)
  block_size: 4096
  block_size_deviation: 10
  block_restart_interval: 16
  index_block_restart_interval: 1
  metadata_block_size: 4096
  partition_filters: 0
  use_delta_encoding: 1
  filter_policy: nullptr
  whole_key_filtering: 1
  verify_compression: 0
  read_amp_bytes_per_bit: 0
  format_version: 4
  enable_index_compression: 1
  block_align: 0
2022/05/16-12:38:32.793956 7f7ef90f8ac0        Options.write_buffer_size: 67108864
2022/05/16-12:38:32.793957 7f7ef90f8ac0  Options.max_write_buffer_number: 2
2022/05/16-12:38:32.793958 7f7ef90f8ac0          Options.compression: NoCompression
2022/05/16-12:38:32.793959 7f7ef90f8ac0                  Options.bottommost_compression: Disabled
2022/05/16-12:38:32.793960 7f7ef90f8ac0       Options.prefix_extractor: nullptr
2022/05/16-12:38:32.793961 7f7ef90f8ac0   Options.memtable_insert_with_hint_prefix_extractor: nullptr
2022/05/16-12:38:32.793969 7f7ef90f8ac0             Options.num_levels: 7
2022/05/16-12:38:32.793970 7f7ef90f8ac0        Options.min_write_buffer_number_to_merge: 1
2022/05/16-12:38:32.793971 7f7ef90f8ac0     Options.max_write_buffer_number_to_maintain: 0
2022/05/16-12:38:32.793972 7f7ef90f8ac0     Options.max_write_buffer_size_to_maintain: 0
2022/05/16-12:38:32.793973 7f7ef90f8ac0            Options.bottommost_compression_opts.window_bits: -14
2022/05/16-12:38:32.793974 7f7ef90f8ac0                  Options.bottommost_compression_opts.level: 32767
2022/05/16-12:38:32.793975 7f7ef90f8ac0               Options.bottommost_compression_opts.strategy: 0
2022/05/16-12:38:32.793976 7f7ef90f8ac0         Options.bottommost_compression_opts.max_dict_bytes: 0
2022/05/16-12:38:32.793977 7f7ef90f8ac0         Options.bottommost_compression_opts.zstd_max_train_bytes: 0
2022/05/16-12:38:32.793978 7f7ef90f8ac0         Options.bottommost_compression_opts.parallel_threads: 1
2022/05/16-12:38:32.793979 7f7ef90f8ac0                  Options.bottommost_compression_opts.enabled: false
2022/05/16-12:38:32.793980 7f7ef90f8ac0            Options.compression_opts.window_bits: -14
2022/05/16-12:38:32.793981 7f7ef90f8ac0                  Options.compression_opts.level: 32767
2022/05/16-12:38:32.793982 7f7ef90f8ac0               Options.compression_opts.strategy: 0
2022/05/16-12:38:32.793983 7f7ef90f8ac0         Options.compression_opts.max_dict_bytes: 0
2022/05/16-12:38:32.793983 7f7ef90f8ac0         Options.compression_opts.zstd_max_train_bytes: 0
2022/05/16-12:38:32.793984 7f7ef90f8ac0         Options.compression_opts.parallel_threads: 1
2022/05/16-12:38:32.793985 7f7ef90f8ac0                  Options.compression_opts.enabled: false
2022/05/16-12:38:32.793986 7f7ef90f8ac0      Options.level0_file_num_compaction_trigger: 4
2022/05/16-12:38:32.793987 7f7ef90f8ac0          Options.level0_slowdown_writes_trigger: 20
2022/05/16-12:38:32.793988 7f7ef90f8ac0              Options.level0_stop_writes_trigger: 36
2022/05/16-12:38:32.793989 7f7ef90f8ac0                   Options.target_file_size_base: 67108864
2022/05/16-12:38:32.793990 7f7ef90f8ac0             Options.target_file_size_multiplier: 1
2022/05/16-12:38:32.793991 7f7ef90f8ac0                Options.max_bytes_for_level_base: 268435456
2022/05/16-12:38:32.793992 7f7ef90f8ac0 Options.level_compaction_dynamic_level_bytes: 0
2022/05/16-12:38:32.793993 7f7ef90f8ac0          Options.max_bytes_for_level_multiplier: 10.000000
2022/05/16-12:38:32.793995 7f7ef90f8ac0 Options.max_bytes_for_level_multiplier_addtl[0]: 1
2022/05/16-12:38:32.793996 7f7ef90f8ac0 Options.max_bytes_for_level_multiplier_addtl[1]: 1
2022/05/16-12:38:32.793997 7f7ef90f8ac0 Options.max_bytes_for_level_multiplier_addtl[2]: 1
2022/05/16-12:38:32.793998 7f7ef90f8ac0 Options.max_bytes_for_level_multiplier_addtl[3]: 1
2022/05/16-12:38:32.793999 7f7ef90f8ac0 Options.max_bytes_for_level_multiplier_addtl[4]: 1
2022/05/16-12:38:32.794000 7f7ef90f8ac0 Options.max_bytes_for_level_multiplier_addtl[5]: 1
2022/05/16-12:38:32.794001 7f7ef90f8ac0 Options.max_bytes_for_level_multiplier_addtl[6]: 1
2022/05/16-12:38:32.794002 7f7ef90f8ac0       Options.max_sequential_skip_in_iterations: 8
2022/05/16-12:38:32.794003 7f7ef90f8ac0                    Options.max_compaction_bytes: 1677721600
2022/05/16-12:38:32.794004 7f7ef90f8ac0                        Options.arena_block_size: 8388608
2022/05/16-12:38:32.794005 7f7ef90f8ac0   Options.soft_pending_compaction_bytes_limit: 68719476736
2022/05/16-12:38:32.794006 7f7ef90f8ac0   Options.hard_pending_compaction_bytes_limit: 274877906944
2022/05/16-12:38:32.794007 7f7ef90f8ac0       Options.rate_limit_delay_max_milliseconds: 100
2022/05/16-12:38:32.794008 7f7ef90f8ac0                Options.disable_auto_compactions: 0
2022/05/16-12:38:32.794009 7f7ef90f8ac0                        Options.compaction_style: kCompactionStyleLevel
2022/05/16-12:38:32.794010 7f7ef90f8ac0                          Options.compaction_pri: kMinOverlappingRatio
2022/05/16-12:38:32.794011 7f7ef90f8ac0 Options.compaction_options_universal.size_ratio: 1
2022/05/16-12:38:32.794015 7f7ef90f8ac0 Options.compaction_options_universal.min_merge_width: 2
2022/05/16-12:38:32.794017 7f7ef90f8ac0 Options.compaction_options_universal.max_merge_width: 4294967295
2022/05/16-12:38:32.794018 7f7ef90f8ac0 Options.compaction_options_universal.max_size_amplification_percent: 200
2022/05/16-12:38:32.794018 7f7ef90f8ac0 Options.compaction_options_universal.compression_size_percent: -1
2022/05/16-12:38:32.794020 7f7ef90f8ac0 Options.compaction_options_universal.stop_style: kCompactionStopStyleTotalSize
2022/05/16-12:38:32.794021 7f7ef90f8ac0 Options.compaction_options_fifo.max_table_files_size: 1073741824
2022/05/16-12:38:32.794022 7f7ef90f8ac0 Options.compaction_options_fifo.allow_compaction: 0
2022/05/16-12:38:32.794024 7f7ef90f8ac0                   Options.table_properties_collectors: 
2022/05/16-12:38:32.794025 7f7ef90f8ac0                   Options.inplace_update_support: 0
2022/05/16-12:38:32.794026 7f7ef90f8ac0                 Options.inplace_update_num_locks: 10000
2022/05/16-12:38:32.794027 7f7ef90f8ac0               Options.memtable_prefix_bloom_size_ratio: 0.000000
2022/05/16-12:38:32.794028 7f7ef90f8ac0               Options.memtable_whole_key_filtering: 0
2022/05/16-12:38:32.794029 7f7ef90f8ac0   Options.memtable_huge_page_size: 0
2022/05/16-12:38:32.794030 7f7ef90f8ac0                           Options.bloom_locality: 0
2022/05/16-12:38:32.794031 7f7ef90f8ac0                    Options.max_successive_merges: 0
2022/05/16-12:38:32.794032 7f7ef90f8ac0                Options.optimize_filters_for_hits: 0
2022/05/16-12:38:32.794033 7f7ef90f8ac0                Options.paranoid_file_checks: 0
2022/05/16-12:38:32.794034 7f7ef90f8ac0                Options.force_consistency_checks: 1
2022/05/16-12:38:32.794035 7f7ef90f8ac0                Options.report_bg_io_stats: 0
2022/05/16-12:38:32.794036 7f7ef90f8ac0                               Options.ttl: 2592000
2022/05/16-12:38:32.794036 7f7ef90f8ac0          Options.periodic_compaction_seconds: 0
2022/05/16-12:38:32.794037 7f7ef90f8ac0                    Options.enable_blob_files: false
2022/05/16-12:38:32.794038 7f7ef90f8ac0                        Options.min_blob_size: 0
2022/05/16-12:38:32.794039 7f7ef90f8ac0                       Options.blob_file_size: 268435456
2022/05/16-12:38:32.794040 7f7ef90f8ac0                Options.blob_compression_type: NoCompression
2022/05/16-12:38:32.794041 7f7ef90f8ac0       Options.enable_blob_garbage_collection: false
2022/05/16-12:38:32.794042 7f7ef90f8ac0   Options.blob_garbage_collection_age_cutoff: 0.250000
2022/05/16-12:38:32.794140 7f7ef90f8ac0 [db/column_family.cc:595] --------------- Options for column family [column_family_2]:
2022/05/16-12:38:32.794142 7f7ef90f8ac0               Options.comparator: leveldb.BytewiseComparator
2022/05/16-12:38:32.794143 7f7ef90f8ac0           Options.merge_operator: None
2022/05/16-12:38:32.794144 7f7ef90f8ac0        Options.compaction_filter: None
2022/05/16-12:38:32.794145 7f7ef90f8ac0        Options.compaction_filter_factory: None
2022/05/16-12:38:32.794146 7f7ef90f8ac0  Options.sst_partitioner_factory: None
2022/05/16-12:38:32.794147 7f7ef90f8ac0         Options.memtable_factory: SkipListFactory
2022/05/16-12:38:32.794148 7f7ef90f8ac0            Options.table_factory: BlockBasedTable
2022/05/16-12:38:32.794161 7f7ef90f8ac0            table_factory options:   flush_block_policy_factory: FlushBlockBySizePolicyFactory (0x564aa9a175a0)
  cache_index_and_filter_blocks: 0
  cache_index_and_filter_blocks_with_high_priority: 1
  pin_l0_filter_and_index_blocks_in_cache: 0
  pin_top_level_index_and_filter: 1
  index_type: 0
  data_block_index_type: 0
  index_shortening: 1
  data_block_hash_table_util_ratio: 0.750000
  hash_index_allow_collision: 1
  checksum: 1
  no_block_cache: 0
  block_cache: 0x564aa9a1c200
  block_cache_name: LRUCache
  block_cache_options:
    capacity : 8388608
    num_shard_bits : 4
    strict_capacity_limit : 0
    memory_allocator : None
    high_pri_pool_ratio: 0.000
  block_cache_compressed: (nil)
  persistent_cache: (nil)
  block_size: 4096
  block_size_deviation: 10
  block_restart_interval: 16
  index_block_restart_interval: 1
  metadata_block_size: 4096
  partition_filters: 0
  use_delta_encoding: 1
  filter_policy: nullptr
  whole_key_filtering: 1
  verify_compression: 0
  read_amp_bytes_per_bit: 0
  format_version: 4
  enable_index_compression: 1
  block_align: 0
2022/05/16-12:38:32.794172 7f7ef90f8ac0        Options.write_buffer_size: 67108864
2022/05/16-12:38:32.794173 7f7ef90f8ac0  Options.max_write_buffer_number: 2
2022/05/16-12:38:32.794174 7f7ef90f8ac0          Options.compression: NoCompression
2022/05/16-12:38:32.794175 7f7ef90f8ac0                  Options.bottommost_compression: Disabled
2022/05/16-12:38:32.794176 7f7ef90f8ac0       Options.prefix_extractor: nullptr
2022/05/16-12:38:32.794177 7f7ef90f8ac0   Options.memtable_insert_with_hint_prefix_extractor: nullptr
2022/05/16-12:38:32.794178 7f7ef90f8ac0             Options.num_levels: 7
2022/05/16-12:38:32.794179 7f7ef90f8ac0        Options.min_write_buffer_number_to_merge: 1
2022/05/16-12:38:32.794180 7f7ef90f8ac0     Options.max_write_buffer_number_to_maintain: 0
2022/05/16-12:38:32.794181 7f7ef90f8ac0     Options.max_write_buffer_size_to_maintain: 0
2022/05/16-12:38:32.794182 7f7ef90f8ac0            Options.bottommost_compression_opts.window_bits: -14
2022/05/16-12:38:32.794183 7f7ef90f8ac0                  Options.bottommost_compression_opts.level: 32767
2022/05/16-12:38:32.794184 7f7ef90f8ac0               Options.bottommost_compression_opts.strategy: 0
2022/05/16-12:38:32.794185 7f7ef90f8ac0         Options.bottommost_compression_opts.max_dict_bytes: 0
2022/05/16-12:38:32.794186 7f7ef90f8ac0         Options.bottommost_compression_opts.zstd_max_train_bytes: 0
2022/05/16-12:38:32.794187 7f7ef90f8ac0         Options.bottommost_compression_opts.parallel_threads: 1
2022/05/16-12:38:32.794188 7f7ef90f8ac0                  Options.bottommost_compression_opts.enabled: false
2022/05/16-12:38:32.794189 7f7ef90f8ac0            Options.compression_opts.window_bits: -14
2022/05/16-12:38:32.794190 7f7ef90f8ac0                  Options.compression_opts.level: 32767
2022/05/16-12:38:32.794191 7f7ef90f8ac0               Options.compression_opts.strategy: 0
2022/05/16-12:38:32.794192 7f7ef90f8ac0         Options.compression_opts.max_dict_bytes: 0
2022/05/16-12:38:32.794193 7f7ef90f8ac0         Options.compression_opts.zstd_max_train_bytes: 0
2022/05/16-12:38:32.794194 7f7ef90f8ac0         Options.compression_opts.parallel_threads: 1
2022/05/16-12:38:32.794195 7f7ef90f8ac0                  Options.compression_opts.enabled: false
2022/05/16-12:38:32.794196 7f7ef90f8ac0      Options.level0_file_num_compaction_trigger: 4
2022/05/16-12:38:32.794197 7f7ef90f8ac0          Options.level0_slowdown_writes_trigger: 20
2022/05/16-12:38:32.794198 7f7ef90f8ac0              Options.level0_stop_writes_trigger: 36
2022/05/16-12:38:32.794199 7f7ef90f8ac0                   Options.target_file_size_base: 67108864
2022/05/16-12:38:32.794200 7f7ef90f8ac0             Options.target_file_size_multiplier: 1
2022/05/16-12:38:32.794201 7f7ef90f8ac0                Options.max_bytes_for_level_base: 268435456
2022/05/16-12:38:32.794202 7f7ef90f8ac0 Options.level_compaction_dynamic_level_bytes: 0
2022/05/16-12:38:32.794203 7f7ef90f8ac0          Options.max_bytes_for_level_multiplier: 10.000000
2022/05/16-12:38:32.794204 7f7ef90f8ac0 Options.max_bytes_for_level_multiplier_addtl[0]: 1
2022/05/16-12:38:32.794205 7f7ef90f8ac0 Options.max_bytes_for_level_multiplier_addtl[1]: 1
2022/05/16-12:38:32.794206 7f7ef90f8ac0 Options.max_bytes_for_level_multiplier_addtl[2]: 1
2022/05/16-12:38:32.794207 7f7ef90f8ac0 Options.max_bytes_for_level_multiplier_addtl[3]: 1
2022/05/16-12:38:32.794208 7f7ef90f8ac0 Options.max_bytes_for_level_multiplier_addtl[4]: 1
2022/05/16-12:38:32.794209 7f7ef90f8ac0 Options.max_bytes_for_level_multiplier_addtl[5]: 1
2022/05/16-12:38:32.794210 7f7ef90f8ac0 Options.max_bytes_for_level_multiplier_addtl[6]: 1
2022/05/16-12:38:32.794211 7f7ef90f8ac0       Options.max_sequential_skip_in_iterations: 8
2022/05/16-12:38:32.794216 7f7ef90f8ac0                    Options.max_compaction_bytes: 1677721600
2022/05/16-12:38:32.794217 7f7ef90f8ac0                        Options.arena_block_size: 8388608
2022/05/16-12:38:32.794218 7f7ef90f8ac0   Options.soft_pending_compaction_bytes_limit: 68719476736
2022/05/16-12:38:32.794219 7f7ef90f8ac0   Options.hard_pending_compaction_bytes_limit: 274877906944
2022/05/16-12:38:32.794220 7f7ef90f8ac0       Options.rate_limit_delay_max_milliseconds: 100
2022/05/16-12:38:32.794221 7f7ef90f8ac0                Options.disable_auto_compactions: 0
2022/05/16-12:38:32.794222 7f7ef90f8ac0                        Options.compaction_style: kCompactionStyleLevel
2022/05/16-12:38:32.794224 7f7ef90f8ac0                          Options.compaction_pri: kMinOverlappingRatio
2022/05/16-12:38:32.794225 7f7ef90f8ac0 Options.compaction_options_universal.size_ratio: 1
2022/05/16-12:38:32.794226 7f7ef90f8ac0 Options.compaction_options_universal.min_merge_width: 2
2022/05/16-12:38:32.794227 7f7ef90f8ac0 Options.compaction_options_universal.max_merge_width: 4294967295
2022/05/16-12:38:32.794228 7f7ef90f8ac0 Options.compaction_options_universal.max_size_amplification_percent: 200
2022/05/16-12:38:32.794229 7f7ef90f8ac0 Options.compaction_options_universal.compression_size_percent: -1
2022/05/16-12:38:32.794230 7f7ef90f8ac0 Options.compaction_options_universal.stop_style: kCompactionStopStyleTotalSize
2022/05/16-12:38:32.794231 7f7ef90f8ac0 Options.compaction_options_fifo.max_table_files_size: 1073741824
2022/05/16-12:38:32.794232 7f7ef90f8ac0 Options.compaction_options_fifo.allow_compaction: 0
2022/05/16-12:38:32.794234 7f7ef90f8ac0                   Options.table_properties_collectors: 
2022/05/16-12:38:32.794235 7f7ef90f8ac0                   Options.inplace_update_support: 0
2022/05/16-12:38:32.794236 7f7ef90f8ac0                 Options.inplace_update_num_locks: 10000
2022/05/16-12:38:32.794237 7f7ef90f8ac0               Options.memtable_prefix_bloom_size_ratio: 0.000000
2022/05/16-12:38:32.794238 7f7ef90f8ac0               Options.memtable_whole_key_filtering: 0
2022/05/16-12:38:32.794239 7f7ef90f8ac0   Options.memtable_huge_page_size: 0
2022/05/16-12:38:32.794240 7f7ef90f8ac0                           Options.bloom_locality: 0
2022/05/16-12:38:32.794241 7f7ef90f8ac0                    Options.max_successive_merges: 0
2022/05/16-12:38:32.794242 7f7ef90f8ac0                Options.optimize_filters_for_hits: 0
2022/05/16-12:38:32.794243 7f7ef90f8ac0                Options.paranoid_file_checks: 0
2022/05/16-12:38:32.794244 7f7ef90f8ac0                Options.force_consistency_checks: 1
2022/05/16-12:38:32.794245 7f7ef90f8ac0                Options.report_bg_io_stats: 0
2022/05/16-12:38:32.794246 7f7ef90f8ac0                               Options.ttl: 2592000
2022/05/16-12:38:32.794247 7f7ef90f8ac0          Options.periodic_compaction_seconds: 0
2022/05/16-12:38:32.794248 7f7ef90f8ac0                    Options.enable_blob_files: false
2022/05/16-12:38:32.794249 7f7ef90f8ac0                        Options.min_blob_size: 0
2022/05/16-12:38:32.794250 7f7ef90f8ac0                       Options.blob_file_size: 268435456
2022/05/16-12:38:32.794251 7f7ef90f8ac0                Options.blob_compression_type: NoCompression
2022/05/16-12:38:32.794252 7f7ef90f8ac0       Options.enable_blob_garbage_collection: false
2022/05/16-12:38:32.794253 7f7ef90f8ac0   Options.blob_garbage_collection_age_cutoff: 0.250000
2022/05/16-12:38:32.794348 7f7ef90f8ac0 [db/column_family.cc:595] --------------- Options for column family [column_family_3]:
2022/05/16-12:38:32.794351 7f7ef90f8ac0               Options.comparator: leveldb.BytewiseComparator
2022/05/16-12:38:32.794352 7f7ef90f8ac0           Options.merge_operator: None
2022/05/16-12:38:32.794353 7f7ef90f8ac0        Options.compaction_filter: None
2022/05/16-12:38:32.794354 7f7ef90f8ac0        Options.compaction_filter_factory: None
2022/05/16-12:38:32.794355 7f7ef90f8ac0  Options.sst_partitioner_factory: None
2022/05/16-12:38:32.794356 7f7ef90f8ac0         Options.memtable_factory: SkipListFactory
2022/05/16-12:38:32.794362 7f7ef90f8ac0            Options.table_factory: BlockBasedTable
2022/05/16-12:38:32.794374 7f7ef90f8ac0            table_factory options:   flush_block_policy_factory: FlushBlockBySizePolicyFactory (0x564aa9a170c0)
  cache_index_and_filter_blocks: 0
  cache_index_and_filter_blocks_with_high_priority: 1
  pin_l0_filter_and_index_blocks_in_cache: 0
  pin_top_level_index_and_filter: 1
  index_type: 0
  data_block_index_type: 0
  index_shortening: 1
  data_block_hash_table_util_ratio: 0.750000
  hash_index_allow_collision: 1
  checksum: 1
  no_block_cache: 0
  block_cache: 0x564aa9a1de30
  block_cache_name: LRUCache
  block_cache_options:
    capacity : 8388608
    num_shard_bits : 4
    strict_capacity_limit : 0
    memory_allocator : None
    high_pri_pool_ratio: 0.000
  block_cache_compressed: (nil)
  persistent_cache: (nil)
  block_size: 4096
  block_size_deviation: 10
  block_restart_interval: 16
  index_block_restart_interval: 1
  metadata_block_size: 4096
  partition_filters: 0
  use_delta_encoding: 1
  filter_policy: nullptr
  whole_key_filtering: 1
  verify_compression: 0
  read_amp_bytes_per_bit: 0
  format_version: 4
  enable_index_compression: 1
  block_align: 0
2022/05/16-12:38:32.794375 7f7ef90f8ac0        Options.write_buffer_size: 67108864
2022/05/16-12:38:32.794376 7f7ef90f8ac0  Options.max_write_buffer_number: 2
2022/05/16-12:38:32.794377 7f7ef90f8ac0          Options.compression: NoCompression
2022/05/16-12:38:32.794378 7f7ef90f8ac0                  Options.bottommost_compression: Disabled
2022/05/16-12:38:32.794379 7f7ef90f8ac0       Options.prefix_extractor: nullptr
2022/05/16-12:38:32.794380 7f7ef90f8ac0   Options.memtable_insert_with_hint_prefix_extractor: nullptr
2022/05/16-12:38:32.794381 7f7ef90f8ac0             Options.num_levels: 7
2022/05/16-12:38:32.794382 7f7ef90f8ac0        Options.min_write_buffer_number_to_merge: 1
2022/05/16-12:38:32.794383 7f7ef90f8ac0     Options.max_write_buffer_number_to_maintain: 0
2022/05/16-12:38:32.794384 7f7ef90f8ac0     Options.max_write_buffer_size_to_maintain: 0
2022/05/16-12:38:32.794385 7f7ef90f8ac0            Options.bottommost_compression_opts.window_bits: -14
2022/05/16-12:38:32.794386 7f7ef90f8ac0                  Options.bottommost_compression_opts.level: 32767
2022/05/16-12:38:32.794387 7f7ef90f8ac0               Options.bottommost_compression_opts.strategy: 0
2022/05/16-12:38:32.794388 7f7ef90f8ac0         Options.bottommost_compression_opts.max_dict_bytes: 0
2022/05/16-12:38:32.794390 7f7ef90f8ac0         Options.bottommost_compression_opts.zstd_max_train_bytes: 0
2022/05/16-12:38:32.794391 7f7ef90f8ac0         Options.bottommost_compression_opts.parallel_threads: 1
2022/05/16-12:38:32.794392 7f7ef90f8ac0                  Options.bottommost_compression_opts.enabled: false
2022/05/16-12:38:32.794392 7f7ef90f8ac0            Options.compression_opts.window_bits: -14
2022/05/16-12:38:32.794394 7f7ef90f8ac0                  Options.compression_opts.level: 32767
